1208905305795207178
1208905285109030953
1208905312422330439
1208905290833993788
1208905348552073236
1208905305375772752
1208905305077842001
1208905348438687867
1208905373088481340
1208905294369914930
1208905283750072380
1208905320055705721
1208905290330804314
1208905420106633236
1208905414981324800
1208905363424813107
1208905401454829619
1208905289789865994
1208905285746434108
1208905285566210109
1208905317426139209
1208905357741662288
1208905291437973544
1208905288636436511
1208905282298847312
1208905312875315302
1208905391711199262
1208905402922704946
1208905285838573689
1208905285863997522
1208905282609094656
1208905352406368278
1208905342860263524
1208905323721527298
1208905289869557900
1208905290393587712
1208905336715739176
1208905411097395200
1208905328801095740
1208905309330874398
1208905287705165884
1208905290758492282
1208905287730335814
1208905280256086058
1208905320567414846
1208905294499815486
1208905348329766993
1208905405237952513
1208905290842505266
1208905296760803349
1208905432794529932
1208905282500173904
1208905289508593815
1208905353757065357
1208905335805452299
1208905409809752154
1208905296676782090
1208905372350423110
1208905405439410176
1208905291954135061
1208905418387099719
1208905283745619989
1208905282055307325
1208905434048495676
1208905282554564648
1208905323817992323
1208905343523094568
1208905290129350667
1208905409600032799
1208905439941496925
1208905323650351135
1208905327198601216
1208905283137441802
1208905343439085658
1208905291857530990
1208905429392826488
1208905305258332232
1208905285297512468
1208905313940406333
1208905384241401918
1208905287780671498
1208905303228293211
1208905303563829278
1208905415866187826
1208905329664991262
1208905296806674442
1208905430374551562
1208905313927827497
1208905361994813490
1208905358135795752
1208905343577497670
1208905405326172180
1208905289647005747
1208905285247172766
1208905418836025404
1208905331841830992
1208905432811446293
1208905291358273667
1208905285880782858
1208905358655885416
